32.0087883192629
19.8066078288079
25.0911424537724
39.6317255029746
22.4242028029531
41.7844270115886
24.1053970948242
27.1225589930093
41.8950131857132
29.2065043963134
4.48169354430288
5.0362578588409
11.909390510163
23.7927316728822
4.68693399236582
32.8252614985157
35.4728379272645
49.2878027550901
49.6454233452118
18.3043402889329
49.5141651980655
49.6859213710444
48.5007601226085
43.0392927946809
23.5083243540531
37.1205813629018
8.75021504944495
24.8419133199395
26.716449934238
45.15231125553
38.6668066346742
19
12
11
23
4
8
8
19
10
17
20
13
0
23
16
3
16
2
20
8
3
21
7
6
9
3
23
22
24
11
15
